矮人油
[22, 36, 12, 7]

阿贝希恩长鳍鱼
[5, 38, 1, 39]

冰怨灵的牙
[5, 30, 54, 8]

白帽伞菌
[5, 30, 7, 31]

贝瑞特的骨灰
[15, 10, 33, 48]

刺柏浆果
[8, 37, 13, 17]

巢蚁卵
[1, 32, 16, 54]

巢蚁猎人触角
[15, 33, 19, 25]

橙色蜻蜓
[6, 47, 40, 50]

草籽
[2, 47, 27, 7]

长毛象牙粉末
[6, 38, 8, 21]

长鹿角
[6, 32, 18, 17]

吊苔
[16, 35, 19, 42]

大蒜
[2, 32, 12, 13]

帝王伞苔
[14, 31, 13, 43]

帝王蝴蝶翅膀
[4, 28, 53, 16]

毒茂花
[14, 18, 45, 21]

毒蝇伞
[10, 43, 20, 11]

短鹿角
[1, 39, 53, 14]

恶鼠尾巴
[17, 46, 14, 29]

伐莫耳
[14, 20, 2, 26]

蜂巢
[6, 41, 29, 48]

蜂箱外壳
[2, 29, 38, 44]

法萨德燕鸥羽毛
[4, 29, 55, 23]

飞天菇菌
[10, 43, 20, 11]

光尘
[16, 19, 44, 51]

鲑鱼卵
[6, 52, 31, 12]

骨粉
[15, 10, 33, 48]

寒霜甘草
[9, 38, 47, 17]

寒霜幽魂牙齿
[5, 30, 54, 8]

河布丁
[14, 27, 18, 45]

火盐
[5, 10, 7, 12]

灰烬草种荚
[10, 49, 26, 38]

灰烬藤蔓丛
[15, 54, 10, 44]

灰烬跳虫胶质
[4, 29, 51, 5]

灰烬魔尘
[48, 10, 25, 47]

红山花
[7, 47, 31, 14]

黄山花
[2, 39, 35, 17]

红蜻蜓
[6, 47, 40, 50]

蝴蝶翅膀
[4, 28, 53, 16]

剑齿虎牙齿
[6, 30, 34, 1]

剑齿虎眼
[6, 46, 16, 4]

巨人脚趾
[15, 35, 45, 17]

巨型青苔
[49, 46, 1, 7]

巨魔脂肪
[2, 43, 20, 14]

架子湾葡萄
[22, 31, 12, 46]

焦黑的恶鼠皮
[6, 55, 2, 4]

精灵耳
[7, 37, 5, 10]

荆棘之心
[7, 41, 24, 31]

蓟花
[9, 48, 2, 30]

鸡蛋
[23, 19, 52, 53]

加林根
[14, 16, 15, 19]

灵质
[7, 44, 31, 14]

烈焰树精木片
[8, 27, 19, 18]

蓝山花
[4, 33, 35, 19]

蓝色蜻蜓
[51, 40, 4, 21]

蓝蝶翅膀
[15, 33, 19, 25]

鳞片伞菌
[22, 36, 11, 45]

龙舌兰
[10, 28, 36, 43]

龙葵
[14, 19, 53, 44]

蜜蜂
[6, 48, 11, 49]

魔族心脏
[4, 17, 16, 21]

猛犸牙粉
[6, 38, 8, 21]

奈恩根
[14, 15, 54, 23]

娜米拉腐菌
[16, 26, 21, 13]

泥沼蟹壳
[6, 55, 2, 10]

诺德藤壶
[16, 52, 13, 40]

气母胶质
[24, 45, 6, 21]

气泡草
[15, 20, 4, 34]

犬根
[15, 42, 37, 24]

人类心脏
[14, 16, 19, 20]

人肉
[14, 24, 7, 38]

丧钟花
[14, 48, 18, 1]

松木画眉蛋
[6, 26, 1, 51]

树伞菌
[7, 50, 11, 36]

树精的树液
[19, 25, 34, 27]

烧焦的树精木
[8, 27, 19, 18]

烧焦雪鼠尾巴
[6, 55, 2, 4]

赛瑞迪尔斗鱼
[15, 39, 21, 46]

霜盐
[8, 9, 7, 33]

食人鱼卵
[2, 40, 50, 32]

食人鱼鳞
[9, 50, 30, 41]

石溪刺莺卵
[4, 42, 15, 22]

深红奈恩根
[14, 15, 54, 23]

水母果冻
[24, 45, 6, 21]

闪光花
[23, 21, 13, 24]

特拉玛根
[49, 45, 16, 18]

苔原棉花
[23, 31, 41, 28]

天鹅菇
[7, 50, 11, 36]

藤蔓丛
[7, 17, 45, 22]

痛苦草
[46, 48, 47, 50]

乌鸦鬼婆之爪
[23, 3, 25, 28]

乌鸦鬼婆之羽
[16, 33, 20, 49]

微光伞菌
[51, 44, 34, 35]

吸血鬼灰烬
[54, 7, 13, 55]

小恶魔菌
[14, 50, 24, 4]

小珍珠
[6, 42, 39, 9]

小麦
[4, 35, 17, 3]

希思特鲤鱼
[6, 31, 17, 52]

熊爪
[6, 35, 42, 19]

薰衣草
[23, 32, 47, 33]

虚无盐
[49, 23, 14, 31]

雪果
[10, 25, 9, 51]

鲜血王冠
[8, 41, 1, 23]

西罗帝尔斗鱼
[15, 39, 21, 46]

先祖蛾翅膀
[15, 33, 19, 25]

雪精灵耳
[14, 20, 2, 26]

雪鼠尾巴
[17, 46, 14, 29]

猩红奈恩根
[14, 15, 54, 23]

岩莺的蛋
[4, 42, 15, 22]

幽光萌花
[23, 21, 13, 24]

幽魂外皮
[6, 44, 45, 23]

月亮糖
[8, 9, 7, 12]

月蛾翅膀
[16, 29, 13, 54]

夜茄
[14, 19, 53, 44]

盐堆
[22, 39, 18, 12]

萤火虫的胸壳
[6, 3, 22, 32]

野猪牙
[32, 35, 41, 20]

银岸鲈鱼
[6, 17, 46, 9]

鹰喙
[6, 9, 45, 51]

鹰的蛋
[23, 19, 52, 53]

鹰羽毛
[55, 29, 42, 38]

荧光菇
[51, 44, 34, 35]

沼泽真菌荚
[51, 3, 24, 4]

珍珠
[6, 41, 7, 51]

直立根
[22, 36, 12, 7]

朱尼珀尔果
[8, 37, 13, 17]

紫山花
[6, 38, 3, 9]

蜘蛛卵
[15, 19, 26, 37]

真菌的根
[49, 45, 16, 18]

